ID	x
1	-0.691447161
2	1.471588463
3	1.106422096
4	1.073427505
5	-0.213818242
6	0.709990719
7	-0.531362162
8	-0.597258671
9	0.822083316
10	0.709765357
11	1.134504603
12	2.023037384
13	0.367190263
14	-1.369542274
15	-2.282480654
16	0.663857192
17	-0.149718768
18	0.545520417
19	0.884883701
20	0.280130874
21	0.951938615
22	2.672802854
23	3.385591764
24	3.325241522
25	1.916891954
26	1.449634256
27	0.400730549
28	-1.461684969
29	1.036891366
30	0.544246732
31	1.400634199
32	-1.680040962
33	-1.900286033
34	-0.013002476
35	0.847950482
36	1.884704644
37	-0.470746456
38	0.332030026
39	0.749202666
40	-0.9321975
41	-1.006484824
42	1.444450253
43	0.775815397
44	0.739570539
45	-0.30119127
46	0.12735806
47	0.754850303
48	1.20122048
49	2.745675261
50	-0.974106348
51	-0.337461193
52	-1.511262078
53	-0.202327964
54	1.488798861
55	0.157519836
56	-1.753617388
57	0.011330739
58	1.599153842
59	1.316431591
60	-0.637455885
61	-0.264112367
62	-0.916705557
63	-1.507705597
64	1.576659164
65	2.191034965
66	2.038118333
67	1.845317454
68	0.111118237
69	0.531807399
70	1.287162107
71	1.288964128
72	1.687625615
73	0.539443695
74	2.746832764
75	2.344637055
76	3.039417712
77	2.191751325
78	0.787922282
79	0.930484858
80	1.290112494
81	-0.318845232
82	-1.014505127
83	1.379694378
84	0.298027817
85	-0.83161904
86	0.27152258
87	-0.369282227
88	1.973078703
89	0.386741788
90	-0.501175799
91	-0.026662492
92	-1.169554576
93	-0.16235876
94	-1.405934636
95	-0.561883005
96	-0.816989501
97	-0.720100835
98	1.196059225
99	0.149996321
100	0.396121698
101	-1.032111398
102	-1.840114391
103	0.341185079
104	1.489824259
105	0.664158368
106	-0.173010622
107	-0.138658904
108	0.559531173
109	2.459767984
110	1.160866685
111	2.125296945
112	2.38410049
113	1.51420182
114	2.28805603
115	0.722788322
116	-0.797426862
117	-2.24408172
118	0.035284427
119	-2.105907668
120	-2.248985352
121	0.517699315
122	1.142504491
123	1.096128136
124	-0.636594997
125	2.337490773
126	0.120831676
127	-0.950706685
128	0.19356831
129	0.225961449
130	-0.309596143
131	-1.295062216
132	-1.941246398
133	-1.565321968
134	-2.283475064
135	-1.125881839
136	-0.022771352
137	-1.558677643
138	0.070314108
139	0.931170239
140	0.604276116
141	-1.317190264
142	-0.110197209
143	0.140183549
144	-0.73640622
145	-0.476827345
146	-0.489360296
147	1.45466652
148	0.383034464
149	0.259289293
150	-0.52092508
151	-0.748101055
152	-0.07089929
153	-0.277423665
154	-0.6204454
155	-1.302025564
156	-0.931661921
157	0.167186384
158	-1.156225151
159	1.186201493
160	0.569420859
161	0.484630913
162	1.589508234
163	0.830827605
164	1.239994933
165	-1.082674385
166	-0.060387037
167	2.453356571
168	1.628043273
169	1.029198807
170	-1.301112949
171	-1.562295899
172	-0.83019264
173	-0.820483797
174	0.720139899
175	1.175534685
176	0.664184861
177	1.785839782
178	1.267040974
179	0.462616431
180	-0.270904596
181	0.40806981
182	-0.301151098
183	0.63622024
184	0.619059522
185	1.619753668
186	1.608310604
187	1.65501574
188	0.383939902
189	-0.254804837
190	-0.114097377
191	-1.493194395
192	-1.375856845
193	-0.444406657
194	0.836158905
195	1.24942827
196	0.729925951
197	-1.376750119
198	-0.043128066
199	0.075540192
200	-0.038963599
201	0.972468878
202	-0.373016322
203	-0.468087849
204	1.832203346
205	0.304548695
206	0.467887172
207	0.894236964
208	-1.275083925
209	-2.772168011
210	-1.317138407
211	0.209252539
212	-2.18541791
213	-1.242899243
214	-0.890231414
215	1.346216334
216	1.345376209
217	0.463386968
218	0.24387599
219	1.656054859
220	0.905319246
221	0.531097156
222	-0.513712493
223	-0.090296578
224	0.220176281
225	1.00086885
226	0.032546056
227	0.774647585
228	-0.254412565
229	0.500465541
230	0.498562897
231	-0.450794368
232	-0.792798769
233	-0.65779331
234	-1.392781691
235	-0.8027595
236	0.36972399
237	2.932265537
238	1.382198012
239	1.23466664
240	1.370194531
241	-0.123576862
242	0.939331416
243	0.925718213
244	-0.971391201
245	-0.751000417
246	0.266268955
247	-0.281886551
248	-0.600518952
249	-1.092753492
250	-1.704915879
251	-0.141567941
252	1.196817782
253	0.455257835
254	-0.287399989
255	1.33919119
256	0.507006685
257	0.295212517
258	0.630646155
259	-0.864804097
260	-1.095975787
261	-1.182637788
262	-1.293281925
263	-0.069790584
264	-2.147975663
265	-0.813078149
266	0.740588116
267	0.385087707
268	-0.119195391
269	-1.015793803
270	-0.034483143
271	-1.531105651
272	-0.601271828
273	-1.171501133
274	1.007578428
275	1.150386737
276	0.932563054
277	0.56867459
278	-0.39092953
279	0.776620259
280	1.144180059
281	0.143804406
282	-0.642022561
283	-0.511395346
284	0.144167139
285	-0.905761345
286	-0.269143763
287	-2.284882411
288	-1.765407731
289	-1.648143181
290	-0.359762172
291	0.342401083
292	0.180994301
293	-0.350029046
294	1.024475012
295	0.394769017
296	0.235594296
297	1.31260278
298	1.000259742
299	0.171056897
300	1.756386365
301	-0.03986502
302	-0.107739839
303	1.2664238
304	2.363998031
305	3.344595093
306	1.356565067
307	0.103186429
308	-1.354763221
309	1.590478243
310	0.024385193
311	0.392508293
312	0.801390919
313	1.420369597
314	1.185127842
315	-1.593382519
316	0.136500908
317	0.543685875
318	0.662124538
319	-0.396265882
320	0.788423007
321	1.818195102
322	1.393828062
323	1.046150477
324	1.383199488
325	1.096210889
326	0.915150366
327	-1.061623867
328	1.018991399
329	1.009376765
330	0.965561234
331	2.55949055
332	0.97209471
333	1.43841824
334	1.251997413
335	0.530450998
336	0.123162121
337	-1.121444651
338	-0.015403916
339	-2.5895574
340	-0.51587867
341	0.035000968
342	-0.069207421
343	-1.500963206
344	-1.833661052
345	0.140906841
346	-0.28986738
347	0.205660075
348	0.131087694
349	0.538592108
350	-0.649858674
351	-0.700752773
352	-2.163210151
353	-0.793004864
354	-0.586125013
355	-0.275202294
356	0.512829096
357	0.566669533
358	1.951691936
359	1.648460501
360	0.546712263
361	0.127329739
362	1.765096701
363	1.353906231
364	1.258653194
365	1.295347293
366	-0.131228579
367	1.097710559
368	-1.415688916
369	0.06132621
370	2.290435099
371	0.667945258
372	0.23139212
373	0.484392236
374	-0.293236876
375	0.359983503
376	0.029434654
377	0.918960883
378	2.701516579
379	0.155635399
380	-0.340704867
381	0.627898961
382	0.812121644
383	0.525621045
384	-0.104392197
385	0.210134987
386	0.367771618
387	0.824624687
388	0.719402174
389	0.326571686
390	-1.211464684
391	0.022232771
392	0.013260337
393	0.291007891
394	-0.856275141
395	-1.045359499
396	0.30551449
397	0.067938599
398	-0.400750617
399	-1.405210598
400	-1.723292179
401	-1.832875292
402	-1.077351008
403	0.666011531
404	0.399751982
405	-0.682581693
406	-0.361210584
407	0.147411188
408	-0.856923023
409	-1.559876479
410	0.306292149
411	0.667388177
412	0.626862469
413	-0.249223596
414	0.082530926
415	1.26934292
416	0.204658891
417	1.434237797
418	-0.046148257
419	1.209244703
420	1.213681014
421	-0.215699577
422	-0.155498145
423	0.092928938
424	-1.178606857
425	-0.201970544
426	0.389682505
427	2.433967337
428	2.109195977
429	1.853530572
430	2.862208055
431	1.825353927
432	1.545198458
433	0.875190331
434	1.447806164
435	1.938581467
436	1.470161392
437	-0.174387255
438	-2.284402139
439	-0.703655748
440	-1.381242704
441	0.022456752
442	1.039496915
443	-0.050884268
444	-0.459450816
445	0.775592057
446	1.591340844
447	2.291853119
448	0.989328127
449	-0.441366456
450	0.131855418
451	-1.220260937
452	-0.882653324
453	-0.284411825
454	-1.024018781
455	-0.633907216
456	-1.17220428
457	-1.591830875
458	-1.709867828
459	-2.933167574
460	-1.60723091
461	0.496022195
462	0.218642314
463	-2.127300681
464	-0.518620274
465	0.571531916
466	-0.211813185
467	-0.706933997
468	-0.865664813
469	-0.437764786
470	-0.316030306
471	-0.18205055
472	-0.218415613
473	-0.241093427
474	0.333195542
475	-1.239738063
476	-0.408938245
477	0.547866967
478	0.41231303
479	0.365836528
480	0.411353582
481	-0.957106926
482	0.376105056
483	-0.05404335
484	-2.043017098
485	-1.249199042
486	-0.400429688
487	-0.937039766
488	-1.315230623
489	-0.769074172
490	-0.696138742
491	-1.76839323
492	-3.351135262
493	-1.190851795
494	-1.533398208
495	2.564034201
496	1.119071637
497	0.779991603
498	1.266206613
499	-1.515859645
500	-0.991681175
501	-2.494333434
502	-2.481947116
503	-0.39466984
504	-0.243829738
505	0.281727896
506	0.908318608
507	1.321260806
508	-0.593950746
509	-0.454773363
510	-0.739703461
511	0.043169138
512	0.58584083
513	1.018986367
514	0.094390968
515	0.088810784
516	0.268697443
517	0.920757862
518	0.037016094
519	-0.34902591
520	-1.941533261
521	-1.154304506
522	0.257719744
523	-0.458340639
524	-0.588102722
525	1.820077475
526	1.55544979
527	0.465404939
528	1.418150753
529	1.26287434
530	0.577683231
531	2.416304651
532	1.020445846
533	0.608980768
534	2.214868533
535	2.728889982
536	3.457512986
537	1.036520565
538	-1.768937828
539	-2.540070589
540	-0.700525877
541	-0.821485525
542	-0.44395244
543	0.155390848
544	1.235413425
545	2.016356712
546	3.126682287
547	0.475881274
548	1.453974024
549	1.404212316
550	-0.024270749
551	0.100708567
552	0.115567858
553	-0.572843282
554	0.232433822
555	-0.686727589
556	-1.024986996
557	-0.54965622
558	-0.562102425
559	-1.30707838
560	0.744819995
561	1.209100243
562	0.274653858
563	0.672129185
564	-0.871188597
565	0.193173017
566	0.672751241
567	1.5725995
568	1.261839388
569	-0.916227794
570	-0.402645099
571	0.478739541
572	-1.110831799
573	-0.310313455
574	-0.462505263
575	0.500111935
576	0.451437773
577	-1.349743946
578	-0.651333196
579	0.475974513
580	-2.317640118
581	-1.68573074
582	-2.155724261
583	-0.277000784
584	0.574600379
585	1.319215052
586	2.341416024
587	0.944397616
588	0.274269776
589	1.18083714
590	0.148681223
591	-1.562288486
592	-0.56958165
593	-0.749622553
594	-1.037168489
595	-0.651537841
596	-1.64747063
597	-0.747042534
598	-0.758512146
599	0.568050371
600	0.305711458
601	-0.305438279
602	0.076143005
603	-1.358336126
604	0.245126139
605	0.188779111
606	0.897280398
607	0.388114938
608	0.283386088
609	0.54300442
610	-0.617058394
611	1.140640229
612	0.775830586
613	0.331795325
614	-0.473961793
615	0.480800102
616	0.17589976
617	0.220379476
618	0.144904823
619	0.354105046
620	1.096330778
621	-0.494557764
622	-0.460901562
623	1.547496296
624	2.23468901
625	0.752793682
626	-0.23676358
627	0.37752499
628	0.434401081
629	0.089295731
630	-1.205791553
631	1.031455185
632	1.491163357
633	1.829659616
634	0.555442537
635	-0.737798405
636	0.966622271
637	0.327748859
638	1.090482928
639	1.434487152
640	0.862360568
641	-0.387466342
642	-1.430556032
643	1.60194763
644	0.851698123
645	0.716684571
646	-1.452947454
647	-1.871621413
648	0.345062116
649	-1.186938963
650	1.291501255
651	-0.722850933
652	0.182514945
653	-1.146772696
654	1.303745995
655	-0.793937075
656	-0.550335935
657	-1.220856588
658	-0.2980233
659	0.125712725
660	-0.252585954
661	-0.510660575
662	-1.68426602
663	0.121284679
664	0.674423961
665	-0.031342453
666	-1.822715886
667	0.4440805
668	0.667720416
669	0.498655
670	0.279305266
671	-0.536460281
672	0.867819511
673	2.603241883
674	0.212601652
675	-0.996425272
676	0.804423538
677	-2.376113741
678	-0.84674531
679	-0.646922441
680	-0.522232816
681	1.372186272
682	-1.183528377
683	-0.841853035
684	-1.791685852
685	0.555418918
686	-1.860200316
687	-1.507361205
688	-0.517231151
689	0.841240988
690	0.981903208
691	2.794578609
692	3.418185201
693	1.651214082
694	1.267700417
695	-0.669480932
696	-0.369960894
697	0.739273869
698	0.008808601
699	0.471576982
700	0.03455163
701	0.011928472
702	-0.527039051
703	-0.778934667
704	-0.474378243
705	0.198744219
706	1.097326353
707	-0.614526084
708	1.373630796
709	1.903935911
710	0.924529129
711	0.17071896
712	1.057987301
713	0.289286921
714	-0.757074215
715	-1.009711433
716	-2.130830802
717	-3.214911346
718	0.505172251
719	0.521666559
720	-0.258638876
721	-0.145053882
722	-0.22377986
723	-0.023658576
724	0.767073224
725	0.770256749
726	0.733081842
727	-1.533030459
728	-0.824197645
729	-0.883403809
730	0.193029394
731	-0.864228996
732	-1.236939109
733	-1.114416316
734	-0.975685142
735	-1.142827021
736	0.82407298
737	3.505733118
738	3.65369219
739	1.431527102
740	0.129061179
741	0.526295976
742	0.360357326
743	0.856204227
744	-0.320668428
745	0.865218339
746	-0.263986216
747	-1.409128544
748	-0.796988
749	1.448969612
750	-0.20514465
751	-1.133372481
752	-1.886200595
753	-1.027305999
754	0.260249207
755	-0.02982277
756	0.848396157
757	1.393568957
758	1.310913518
759	3.152375266
760	2.731452515
761	3.240597874
762	1.38274148
763	0.238591202
764	-0.597455911
765	0.190206312
766	0.92930474
767	1.390517186
768	1.638413745
769	0.259132417
770	0.817265493
771	0.628458167
772	-0.691008306
773	0.027597011
774	0.483190074
775	0.306221115
776	1.157925999
777	0.20513358
778	1.038675294
779	1.364326236
780	1.774821277
781	1.516655237
782	1.795562197
783	1.768398168
784	0.256790699
785	0.564124337
786	0.52146911
787	-0.995385825
788	-0.274123029
789	0.367528354
790	2.300778787
791	0.332897279
792	-0.082817232
793	0.421590032
794	0.878121401
795	0.927230586
796	1.540102727
797	1.91934715
798	-0.662449702
799	0.795058077
800	0.987956567
801	-0.246606685
802	0.129150575
803	-0.272422451
804	0.811828377
805	-0.254436192
806	0.555835671
807	0.356309404
808	0.711522792
809	1.231348029
810	0.754184665
811	1.3172803
812	-0.005036924
813	-0.844930695
814	1.941896709
815	0.93808526
816	1.1194725
817	-0.138644612
818	-0.506822918
819	-0.972498876
820	-0.761238622
821	0.51629846
822	-0.381594256
823	-0.266928946
824	0.715214609
825	0.974666167
826	-1.501151844
827	-0.118980649
828	-2.003635689
829	-0.52444282
830	1.516508514
831	1.646146789
832	-0.280090667
833	-0.442679039
834	0.612455912
835	-2.103302539
836	-0.794198886
837	-2.57083788
838	-1.25925126
839	-1.203515471
840	-0.324685033
841	0.101461506
842	0.940188763
843	-0.06159724
844	-0.319675364
845	2.16440004
846	1.887269689
847	0.118893374
848	0.673454333
849	0.342910856
850	0.67791872
851	-0.697316315
852	-2.40684113
853	-2.387122146
854	-1.715435692
855	-2.013694083
856	0.700363866
857	-0.051263914
858	-0.103680198
859	-0.741072519
860	-1.073938851
861	-0.331299814
862	0.254525154
863	1.190977504
864	-0.132192685
865	0.807610966
866	-0.984618755
867	-0.182277628
868	0.0989154
869	-0.114347003
870	0.456317083
871	1.128254832
872	0.683998378
873	1.283526596
874	1.157252583
875	0.023864858
876	0.784309331
877	1.135750973
878	-0.021776997
879	0.615411699
880	-1.568659893
881	-0.644483843
882	-0.081937748
883	0.079013097
884	-1.972204115
885	-1.359762278
886	-1.677051477
887	-1.969628048
888	-0.96960466
889	-0.081096949
890	-0.581758988
891	-1.075740472
892	-3.097922677
893	-1.476160555
894	0.012163299
895	-0.122167232
896	-0.548950341
897	0.634312621
898	-1.535307838
899	-1.077801825
900	-0.852765836
901	-0.402831693
902	0.982043816
903	-0.06181134
904	0.566134618
905	0.964036692
906	0.493979394
907	0.040182134
908	0.758940114
909	0.353748419
910	-1.61985348
911	-2.625537531
912	-1.570514134
913	-0.845984306
914	0.568881575
915	-0.684000189
916	0.038720484
917	0.232869983
918	-0.852071541
919	1.068837329
920	0.198198818
921	-1.601528512
922	-2.268441914
923	-1.350569608
924	0.476500181
925	0.871730547
926	0.158555609
927	-1.66407001
928	-1.850587845
929	-1.234775181
930	-1.131393131
931	-1.30716276
932	-0.462364848
933	-1.398166048
934	-2.325224182
935	-2.139509328
936	-1.758375849
937	-0.471387037
938	-1.357098633
939	-2.241483496
940	-0.886080311
941	-2.426800685
942	-0.235367875
943	-0.443630744
944	-0.448628667
945	0.198015997
946	-0.094517355
947	-0.318275567
948	-0.424080169
949	-0.765428301
950	-0.819422096
951	-0.084624408
952	-0.824457294
953	0.108803314
954	1.942262176
955	2.554309168
956	1.145327069
957	-1.005413122
958	-1.27243746
959	-1.72552033
960	-1.600290465
961	0.102005639
962	-0.298404197
963	0.440727898
964	0.062555564
965	0.829151475
966	1.501137554
967	1.585525779
968	0.495897381
969	2.102250042
970	2.349457223
971	0.639487513
972	-0.564587562
973	1.578739232
974	0.518777525
975	0.845029668
976	-0.154542941
977	-0.396286379
978	-0.512168322
979	-0.915422802
980	-1.680871214
981	-0.731231482
982	-0.600023141
983	-0.138066924
984	-0.924937337
985	-1.676078375
986	-0.905760662
987	1.003588205
988	-0.941144855
989	-0.983102321
990	-0.247567369
991	1.553728107
992	0.856338108
993	-0.428258443
994	-0.992906508
995	-0.877389338
996	-2.336053009
997	-1.239797416
998	-1.6507633
999	-0.154686173
1000	-0.438630842
